Start a new record at 2019-01-23 17:30:09
-------------Rand S_w-------------2019-01-23 17:30:10
1.13097	1.976	2	32.5	0.240684	0.647766	0.162544	0.192404
1.02633	1.976	2	32.5	0.251701	0.627492	0.288133	0.172495
1.14831	1.976	2	32.5	0.218429	1.08457	0.128154	0.195347
1.16802	1.976	2	32.5	0.205541	0.772702	0.0252263	0.199043
1.13807	1.976	2	32.5	0.202721	0.409226	0.0196994	0.19341
0.995157	1.976	2	32.5	0.232985	0.490794	0.195566	0.1666
1.14041	1.976	2	32.5	0.260448	0.82656	0.281894	0.194213
1.12577	1.976	2	32.5	0.19456	-0.102084	-0.0244155	0.157008
1.06669	1.976	2	32.5	0.229168	0.80211	0.219665	0.1799
1.08799	1.976	2	32.5	0.213794	0.613374	0.0995075	0.183951
1.03063	1.976	2	32.5	0.213211	0.834956	0.194887	0.172863
1.11609	1.976	2	32.5	0.201554	0.800573	0.0527329	0.189099
1.00228	1.976	2	32.5	0.240323	0.59129	0.255282	0.167854
1.13356	1.976	2	32.5	0.287479	1.03651	0.508266	0.192892
0.97949	1.976	2	32.5	0.22037	0.870552	0.305715	0.163095
1.14611	1.976	2	32.5	0.235196	1.17387	0.241915	0.195008
1.06499	1.976	2	32.5	0.23413	0.686657	0.207998	0.179697
1.06678	1.976	2	32.5	0.259328	0.976351	0.430421	0.179983
1.09458	1.976	2	32.5	0.22788	0.667045	0.153216	0.185315
1.09912	1.976	2	32.5	0.197854	0.533682	0.0343352	0.185894
1.01095	1.976	2	32.5	0.186627	0.655796	0.068606	0.168952
1.06133	1.976	2	32.5	0.230496	0.710972	0.204809	0.178947
1.03424	1.976	2	32.5	0.244264	0.986317	0.401	0.17366
0.966864	1.976	2	32.5	0.185739	1.54488	0.244833	0.16033
0.9922	1.976	2	32.5	0.230675	0.347365	-0.347365	-1.44346e+15
1.15385	1.976	2	32.5	0.218036	1.01938	0.112215	0.196415
1.06202	1.976	2	32.5	0.239809	0.666821	0.225561	0.179194
1.06272	1.976	2	32.5	0.217893	0.92845	0.201734	0.179
1.12545	1.976	2	32.5	0.218511	0.794787	0.114233	0.191052
1.14644	1.976	2	32.5	0.243203	1.21421	0.29936	0.195101
0.991685	1.976	2	32.5	0.17079	0.734038	0.0254969	0.165057
1.15539	1.976	2	32.5	0.263446	0.940428	0.317007	0.19703
1.06665	1.976	2	32.5	0.22345	0.729619	0.176654	0.179894
1.09093	1.976	2	32.5	0.20969	0.73513	0.100816	0.184401
1.05335	1.976	2	32.5	0.22445	0.93194	0.248192	0.177246
1.13089	1.976	2	32.5	0.210318	0.703543	0.0669575	0.192041
1.08914	1.976	2	32.5	0.237115	0.699629	0.200344	0.184331
1.08657	1.976	2	32.5	0.190707	0.89583	0.0359681	0.183345
1.04892	1.976	2	32.5	0.197435	0.887041	0.1068	0.176218
1.11421	1.976	2	32.5	0.226541	0.621785	0.123166	0.189086
1.10753	1.976	2	32.5	0.204373	0.608564	0.0545634	0.187557
0.994894	1.976	2	32.5	0.20508	1.51642	0.359338	0.165793
1.09753	1.976	2	32.5	0.246189	0.916808	0.29765	0.185851
1.15855	1.976	2	32.5	0.220514	0.744808	0.0871737	0.197409
0.964521	1.976	2	32.5	0.190517	0.784597	0.149281	0.160063
0.980403	1.976	2	32.5	0.248374	0.650388	0.336814	0.163634
1.00835	1.976	2	32.5	0.207393	0.906004	0.208939	0.168528
1.10078	1.976	2	32.5	0.19915	0.716073	0.0499205	0.186171
1.01072	1.976	2	32.5	0.209114	1.44235	0.343871	0.168857
0.959414	1.976	2	32.5	0.197591	0.690651	0.16656	0.159198
0.961179	1.976	2	32.5	0.16352	0.970907	0.0266781	0.159147
1.14432	1.976	2	32.5	0.243301	0.841315	0.20926	0.194839
1.08206	1.976	2	32.5	0.18931	0.671469	0.0250713	0.182496
0.989438	1.976	2	32.5	0.187522	0.687971	0.0946995	0.164832
1.04738	1.976	2	32.5	0.198438	0.419397	0.0529671	0.176186
0.971577	1.976	2	32.5	0.207748	0.639219	0.182271	0.161653
1.04457	1.976	2	32.5	0.220344	0.67668	0.172019	0.175684
1.04147	1.976	2	32.5	0.238167	0.655559	0.23531	0.175259
0.998258	1.976	2	32.5	0.217462	0.79979	0.24345	0.166715
0.962399	1.976	2	32.5	0.194435	0.867182	0.188915	0.159655
1.02325	1.976	2	32.5	0.203165	0.898983	0.166915	0.17135
1.022	1.976	2	32.5	0.215144	0.709684	0.181644	0.1713
1.02952	1.976	2	32.5	0.235025	0.8749	0.31526	0.17277
1.1178	1.976	2	32.5	0.205523	0.866809	0.0735337	0.189451
0.984161	1.976	2	32.5	0.200041	1.36633	0.302975	0.163734
1.06588	1.976	2	32.5	0.2011	0.582861	0.0697591	0.179605
0.9869	1.976	2	32.5	0.252596	0.719785	0.383328	0.16482
1.02924	1.976	2	32.5	0.240197	0.565665	0.219474	0.173053
0.986927	1.976	2	32.5	0.204955	0.369161	0.0895657	0.164938
0.990614	1.976	2	32.5	0.231104	0.739514	0.293853	0.165386
1.06595	1.976	2	32.5	0.224822	1.33874	0.337603	0.179544
1.00461	1.976	2	32.5	0.188916	0.955948	0.12118	0.167662
1.02191	1.976	2	32.5	0.254558	1.04482	0.507766	0.171306
0.974312	1.976	2	32.5	0.208831	0.751573	0.216672	0.1621
1.10854	1.976	2	32.5	0.248019	0.843993	0.269351	0.188016
0.96504	1.976	2	32.5	0.180927	0.821862	0.107114	0.160065
1.13914	1.976	2	32.5	0.243118	0.625495	0.158319	0.194011
0.95825	1.976	2	32.5	0.183708	0.898618	0.141148	0.15877
0.98903	1.976	2	32.5	0.248072	1.42247	0.718492	0.164821
1.00052	1.976	2	32.5	0.233618	0.756732	0.300054	0.167287
0.990107	1.976	2	32.5	0.167442	0.407569	0.00667333	0.164745
0.958383	1.976	2	32.5	0.237374	0.866167	0.425839	0.159137
1.16993	1.976	2	32.5	0.203401	0.756142	0.0152352	0.199384
0.978569	1.976	2	32.5	0.221179	1.02431	0.366893	0.162849
1.11233	1.976	2	32.5	0.218748	0.453246	0.0718985	0.188799
0.970678	1.976	2	32.5	0.2243	0.814163	0.316842	0.161464
1.15783	1.976	2	32.5	0.258023	0.955398	0.293036	0.197459
1.12674	1.976	2	32.5	0.285302	0.643877	0.313149	0.191948
0.980466	1.976	2	32.5	0.225202	0.981068	0.372299	0.163251
1.05321	1.976	2	32.5	0.184303	1.00672	0.042093	0.176907
1.09656	1.976	2	32.5	0.212014	0.715693	0.102257	0.185509
1.14408	1.976	2	32.5	0.266233	0.86955	0.318133	0.19492
1.05122	1.976	2	32.5	0.180332	0.798239	0.0173284	0.176501
0.97918	1.976	2	32.5	0.167429	1.07577	0.0318468	0.162615
1.05562	1.976	2	32.5	0.19388	0.694765	0.0640562	0.177514
1.02916	1.976	2	32.5	0.263915	0.919463	0.484721	0.172812
0.98745	1.976	2	32.5	0.227694	0.53137	0.201891	0.165002
1.0046	1.976	2	32.5	0.260454	1.37471	0.75829	0.167862
1.1129	1.976	2	32.5	0.190727	0.831774	0.0104075	0.18837
1.13811	1.976	2	32.5	0.238813	1.10128	0.257804	0.193513
Start a new record at 2019-01-23 18:53:58
-------------Rand K_m-------------2019-01-23 18:53:58
1.064	1.976	2	33.7188	0.204968	0.69922	0.103046	0.178641
1.064	1.976	2	35.4732	0.214197	0.604167	0.123067	0.177949
1.064	1.976	2	34.3765	0.235138	0.840224	0.266681	0.178488
1.064	1.976	2	33.9056	0.18702	0.704717	0.03428	0.178345
1.064	1.976	2	33.6029	0.218334	0.667753	0.14742	0.178849
1.064	1.976	2	34.4524	0.2337	0.818888	0.253508	0.178455
1.064	1.976	2	34.199	0.266597	0.656965	0.321786	0.178947
1.064	1.976	2	30.9206	0.197464	0.599067	0.0582914	0.179954
1.064	1.976	2	30.3558	0.195513	0.857965	0.0732752	0.180129
1.064	1.976	2	31.9175	0.224426	0.586566	0.145587	0.1798
1.064	1.976	2	31.6454	0.228311	0.935798	0.252973	0.179726
1.064	1.976	2	31.4875	0.24344	0.865462	0.305481	0.17993
1.064	1.976	2	35.3662	0.181323	1.14353	0.0243271	0.177546
1.064	1.976	2	33.7898	0.233055	0.920756	0.279958	0.178716
1.064	1.976	2	34.0942	0.252499	0.965104	0.398976	0.178646
1.064	1.976	2	33.356	0.196694	0.549158	0.0549858	0.178792
1.064	1.976	2	32.7561	0.202714	1.17414	0.155834	0.178961
1.064	1.976	2	29.8314	0.200363	1.0043	0.111153	0.180397
1.064	1.976	2	29.5956	0.221414	0.684795	0.153777	0.180811
1.064	1.976	2	32.7898	0.186907	0.516106	0.0230289	0.178924
1.064	1.976	2	32.4006	0.185267	0.767655	0.0266713	0.179046
1.064	1.976	2	33.6101	0.220625	0.814122	0.190581	0.178775
1.064	1.976	2	34.0307	0.277306	0.629993	0.345245	0.179137
1.064	1.976	2	33.5739	0.239133	0.83142	0.279866	0.178909
1.064	1.976	2	33.4677	0.237136	1.13907	0.371602	0.178804
1.064	1.976	2	33.6469	0.218041	0.912889	0.20101	0.178694
1.064	1.976	2	32.1384	0.230645	1.07015	0.305341	0.179445
1.064	1.976	2	30.1716	0.246488	0.816562	0.297765	0.180623
1.064	1.976	2	32.9311	0.191131	0.852873	0.0586268	0.178838
1.064	1.976	2	34.6643	0.202457	1.66129	0.228509	0.177977
1.064	1.976	2	30.3167	0.193017	0.636504	0.0453745	0.180173
1.064	1.976	2	29.3529	0.21331	0.902183	0.162503	0.180753
1.064	1.976	2	32.5735	0.240434	0.762995	0.259269	0.179455
1.064	1.976	2	33.7227	0.232339	0.675939	0.201866	0.178909
1.064	1.976	2	33.5884	0.249142	0.611293	0.238668	0.179183
1.064	1.976	2	30.6156	0.225932	0.971617	0.246599	0.180198
1.064	1.976	2	30.9303	0.237682	0.691754	0.220183	0.180295
1.064	1.976	2	30.0957	0.195439	0.476922	0.0397973	0.180386
1.064	1.976	2	33.4445	0.224191	0.927292	0.235233	0.178827
1.064	1.976	2	33.7664	0.202612	1.02691	0.138749	0.178495
1.064	1.976	2	30.756	0.215169	0.742349	0.144277	0.180155
1.064	1.976	2	34.5734	0.209421	0.504157	0.0875979	0.17842
1.064	1.976	2	29.9794	0.244442	1.01301	0.358168	0.180591
1.064	1.976	2	30.8942	0.214063	0.972122	0.184053	0.179986
1.064	1.976	2	34.3565	0.179989	0.633745	0.00694102	0.178039
1.064	1.976	2	35.4003	0.241659	0.974202	0.348768	0.177951
1.064	1.976	2	30.3576	0.254193	0.65102	0.264563	0.180742
1.064	1.976	2	29.7113	0.189276	0.716177	0.0352347	0.1804
1.064	1.976	2	29.5149	0.206386	0.609403	0.0864622	0.180742
1.064	1.976	2	34.1631	0.213682	0.772643	0.152437	0.178471
1.064	1.976	2	35.2923	0.213531	0.693166	0.138524	0.177966
1.064	1.976	2	33.0591	0.252324	1.0317	0.421677	0.179115
1.064	1.976	2	34.7108	0.20885	0.813016	0.140127	0.178146
1.064	1.976	2	32.2493	0.214936	1.04856	0.208337	0.17931
1.064	1.976	2	35.6431	0.239378	0.754394	0.260362	0.17796
1.064	1.976	2	31.879	0.258619	0.628438	0.274167	0.180063
1.064	1.976	2	31.6697	0.200925	0.758581	0.0902157	0.179569
1.064	1.976	2	35.6414	0.186716	0.970599	0.0505845	0.177467
1.064	1.976	2	33.9791	0.26263	0.982038	0.46093	0.178738
1.064	1.976	2	35.2663	0.24441	0.951153	0.354553	0.178043
1.064	1.976	2	34.0608	0.191873	0.772763	0.0587689	0.178313
1.064	1.976	2	30.0024	0.25072	0.756959	0.292854	0.18078
1.064	1.976	2	32.8686	0.217841	0.674314	0.14542	0.179196
1.064	1.976	2	32.4726	0.262755	0.919621	0.426402	0.179518
1.064	1.976	2	33.8342	0.218195	0.979996	0.217403	0.178579
1.064	1.976	2	32.0059	0.205342	0.777941	0.112285	0.179442
1.064	1.976	2	34.0634	0.193961	0.690157	0.0603843	0.178356
1.064	1.976	2	29.7446	0.246774	0.719696	0.262004	0.180913
1.064	1.976	2	29.4448	0.217762	0.970823	0.199006	0.180717
1.064	1.976	2	32.1288	0.215265	0.766199	0.152786	0.179476
1.064	1.976	2	33.3326	0.229449	0.888714	0.2509	0.178933
1.064	1.976	2	34.5945	0.2114	0.957536	0.178578	0.178171
1.064	1.976	2	33.9751	0.220951	0.818475	0.194093	0.178598
1.064	1.976	2	35.2977	0.242884	1.13244	0.413327	0.177939
1.064	1.976	2	30.7836	0.224279	0.474495	0.115109	0.180493
1.064	1.976	2	29.7569	0.216923	0.774895	0.15565	0.180639
1.064	1.976	2	34.2138	0.207069	0.486692	0.0776461	0.178579
1.064	1.976	2	34.4292	0.222467	0.980091	0.242674	0.178316
1.064	1.976	2	30.2899	0.242426	0.642284	0.219425	0.180695
1.064	1.976	2	32.9924	0.258018	0.767278	0.336507	0.179357
1.064	1.976	2	35.2935	0.180163	0.362895	0.00519491	0.17762
1.064	1.976	2	33.2126	0.227913	0.761963	0.207918	0.179054
1.064	1.976	2	31.6787	0.244807	0.766084	0.276301	0.179917
1.064	1.976	2	29.347	0.195518	0.996652	0.0823547	0.180596
1.064	1.976	2	31.8614	0.205423	0.928222	0.134258	0.179465
1.064	1.976	2	34.768	0.198115	0.491585	0.0550306	0.178169
1.064	1.976	2	30.1313	0.224959	1.06739	0.263686	0.180394
1.064	1.976	2	30.7168	0.189955	0.393682	0.0216987	0.180032
1.064	1.976	2	32.9037	0.254952	0.938136	0.396164	0.179255
1.064	1.976	2	32.9977	0.217366	0.854843	0.183058	0.179029
1.064	1.976	2	32.3782	0.207764	0.409735	0.0642947	0.179584
1.064	1.976	2	35.0739	0.193633	0.49083	0.0432589	0.177949
1.064	1.976	2	31.5635	0.264179	0.803438	0.375378	0.180055
1.064	1.976	2	32.6581	0.260133	0.962848	0.433428	0.179383
1.064	1.976	2	30.7691	0.212114	0.925232	0.164785	0.180048
1.064	1.976	2	35.74	0.212628	0.567421	0.111016	0.177835
1.064	1.976	2	32.9012	0.195753	0.892652	0.0841542	0.178888
1.064	1.976	2	31.789	0.255913	0.919866	0.389293	0.179815
1.064	1.976	2	29.5213	0.245412	0.907484	0.323803	0.180874
1.064	1.976	2	30.5086	0.246769	0.884724	0.325395	0.180414
Record end at 2019-01-23 19:22:18
Start a new record at 2019-01-26 17:54:47
-------------Rand K_m-------------2019-01-26 17:54:47
Start a new record at 2019-01-26 17:55:28
-------------Rand K_m-------------2019-01-26 17:55:28
1.064	1.976	2	32.5	0.24211	0.840409	0.293483	0.179445
Start a new record at 2019-01-26 17:58:49
-------------Rand K_m-------------2019-01-26 17:58:49
1.064	1.976	2	32.5	0.217135	1.23527	0.261867	0.179155
Start a new record at 2019-01-26 17:59:49
-------------Rand K_m-------------2019-01-26 17:59:49
1.064	1.976	2	32.5	0.199131	0.616427	0.0685438	0.179204
1.064	1.976	2	32.5	-0.869843	1.26144	1.79006	0.19618	0.482386	0.318487	-0.35958
1.064	1.976	2	32.5	0.267165	1.10489	-0.695245	0.151218	0.298964	0.852474	0.72059
1.064	1.976	2	32.5	-0.5984	1.60818	0.440399	7.84445e-05	0.670707	1.02136	-0.469758
1.064	1.976	2	32.5	-0.486898	0.11146	0.193664	0.203557	0.588813	0.799168	-0.17786
1.064	1.976	2	32.5	0.4138	0.0670399	0.159135	-0.255549	-0.0250935	-1.6386	0.122654
1.064	1.976	2	32.5	-0.186174	0.568308	-0.076229	3.98284e-39	-0.318489	0.508761	-0.215014
1.064	1.976	2	32.5	-0.126409	0.275429	0.172143	0.700452	0.220939	-1.41282	-0.0777903
1.064	1.976	2	32.5	1.41277	0.649463	1.03705	-0.35196	0.634914	0.276028	0.544047
1.064	1.976	2	32.5	-0.375701	0.115212	0.352832	0.516734	0.32107	5.67082e-46	-0.0924815
1.064	1.976	2	32.5	352.564	189.014	69.3861	1298.27	452.492	1210.96	257.893
26.8682	16.2233	111.226	49.5094	76.6356	6.28106	3.42012
966.242	403.031	392.718	144.685	818.81	16.3138	489.382
955.512	383.927	1111.75	387.679	559.43	353.243	245.271
717.521	52.8442	964.76	382.57	918.469	156.135	37.2608
450.145	202.573	928.208	425.856	1021.57	228.114	80.6409
998.166	298.186	1326.26	152.407	699.619	437.875	183.225
108.895	130.21	1028.21	394.074	724.69	252.839	12.2401
727.166	99.8253	869.643	18.631	935.591	457.471	74.8757
519.362	394.604	39.8763	133.175	222.425	471.553	471.695
107.13	156.451	17.4695	394.746	553.067	170.907	96.3694
